[222, 12, 113] [94, 205, 152] [235, 11, 182] [166, 91, 50] [3, 228, 110] [133, 129, 31] [184, 55, 207] [171, 174, 14] [106, 43, 246] [52, 238, 133]
[140, 21, 180] [237, 122, 252] [126, 65, 57] [29, 77, 52] [32, 90, 160] [145, 91, 59] [80, 255, 30] [100, 33, 238] [190, 148, 10] [186, 158, 130]
[246, 119, 174] [119, 0, 59] [132, 152, 85] [219, 251, 201] [140, 108, 177] [120, 210, 96] [93, 249, 149] [232, 79, 26] [116, 166, 253] [222, 210, 89]
[124, 141, 122] [24, 144, 71] [0, 189, 25] [79, 140, 113] [89, 229, 97] [160, 227, 253] [6, 116, 145] [148, 9, 30] [35, 84, 198] [9, 197, 62]
[252, 226, 54] [178, 83, 204] [45, 13, 191] [119, 182, 136] [190, 40, 129] [17, 71, 99] [85, 210, 23] [53, 84, 214] [31, 102, 227] [147, 123, 242]
[135, 230, 218] [41, 54, 67] [15, 208, 28] [3, 172, 241] [151, 90, 8] [180, 113, 112] [238, 185, 59] [34, 10, 63] [247, 133, 107] [42, 121, 190]
[205, 99, 48] [81, 136, 42] [182, 154, 223] [212, 119, 250] [56, 147, 231] [171, 121, 22] [11, 135, 27] [210, 59, 119] [251, 56, 124] [215, 84, 23]
[103, 74, 51] [6, 1, 87] [168, 88, 167] [140, 189, 189] [168, 157, 232] [239, 128, 51] [199, 16, 102] [166, 15, 101] [34, 142, 196] [130, 69, 58]
[47, 241, 60] [207, 19, 1] [64, 141, 246] [191, 195, 206] [146, 145, 169] [70, 183, 7] [239, 107, 29] [203, 81, 121] [6, 1, 10] [250, 137, 82]
[0, 39, 193] [1, 230, 16] [152, 223, 65] [152, 54, 80] [86, 92, 28] [105, 114, 153] [9, 215, 152] [131, 195, 96] [226, 10, 53] [32, 157, 43]
